Idx	        x_i		       y_i
-----------------------------------------------
  0	    0.000000	    1.000000
  1	    0.010000	    0.990050
  2	    0.020000	    0.980199
  3	    0.030000	    0.970446
  4	    0.040000	    0.960789
  5	    0.050000	    0.951229
  6	    0.060000	    0.941765
  7	    0.070000	    0.932394
  8	    0.080000	    0.923116
  9	    0.090000	    0.913931
 10	    0.100000	    0.904837
 11	    0.110000	    0.895834
 12	    0.120000	    0.886920
 13	    0.130000	    0.878095
 14	    0.140000	    0.869358
 15	    0.150000	    0.860708
 16	    0.160000	    0.852144
 17	    0.170000	    0.843665
 18	    0.180000	    0.835270
 19	    0.190000	    0.826959
 20	    0.200000	    0.818731
 21	    0.210000	    0.810584
 22	    0.220000	    0.802519
 23	    0.230000	    0.794534
 24	    0.240000	    0.786628
 25	    0.250000	    0.778801
 26	    0.260000	    0.771052
 27	    0.270000	    0.763379
 28	    0.280000	    0.755784
 29	    0.290000	    0.748264
 30	    0.300000	    0.740818
 31	    0.310000	    0.733447
 32	    0.320000	    0.726149
 33	    0.330000	    0.718924
 34	    0.340000	    0.711770
 35	    0.350000	    0.704688
 36	    0.360000	    0.697676
 37	    0.370000	    0.690734
 38	    0.380000	    0.683861
 39	    0.390000	    0.677057
 40	    0.400000	    0.670320
 41	    0.410000	    0.663650
 42	    0.420000	    0.657047
 43	    0.430000	    0.650509
 44	    0.440000	    0.644036
 45	    0.450000	    0.637628
 46	    0.460000	    0.631284
 47	    0.470000	    0.625002
 48	    0.480000	    0.618783
 49	    0.490000	    0.612626
 50	    0.500000	    0.606531
 51	    0.510000	    0.600496
 52	    0.520000	    0.594521
 53	    0.530000	    0.588605
 54	    0.540000	    0.582748
 55	    0.550000	    0.576950
 56	    0.560000	    0.571209
 57	    0.570000	    0.565525
 58	    0.580000	    0.559898
 59	    0.590000	    0.554327
 60	    0.600000	    0.548812
 61	    0.610000	    0.543351
 62	    0.620000	    0.537944
 63	    0.630000	    0.532592
 64	    0.640000	    0.527292
 65	    0.650000	    0.522046
 66	    0.660000	    0.516851
 67	    0.670000	    0.511709
 68	    0.680000	    0.506617
 69	    0.690000	    0.501576
 70	    0.700000	    0.496585
 71	    0.710000	    0.491644
 72	    0.720000	    0.486752
 73	    0.730000	    0.481909
 74	    0.740000	    0.477114
 75	    0.750000	    0.472367
 76	    0.760000	    0.467666
 77	    0.770000	    0.463013
 78	    0.780000	    0.458406
 79	    0.790000	    0.453845
 80	    0.800000	    0.449329
 81	    0.810000	    0.444858
 82	    0.820000	    0.440432
 83	    0.830000	    0.436049
 84	    0.840000	    0.431711
 85	    0.850000	    0.427415
 86	    0.860000	    0.423162
 87	    0.870000	    0.418952
 88	    0.880000	    0.414783
 89	    0.890000	    0.410656
 90	    0.900000	    0.406570
 91	    0.910000	    0.402524
 92	    0.920000	    0.398519
 93	    0.930000	    0.394554
 94	    0.940000	    0.390628
 95	    0.950000	    0.386741
 96	    0.960000	    0.382893
 97	    0.970000	    0.379083
 98	    0.980000	    0.375311
 99	    0.990000	    0.371577
100	    1.000000	    0.367879
101	    1.010000	    0.364219
102	    1.020000	    0.360595
103	    1.030000	    0.357007
104	    1.040000	    0.353455
105	    1.050000	    0.349938
106	    1.060000	    0.346456
107	    1.070000	    0.343008
108	    1.080000	    0.339596
109	    1.090000	    0.336216
110	    1.100000	    0.332871
111	    1.110000	    0.329559
112	    1.120000	    0.326280
113	    1.130000	    0.323033
114	    1.140000	    0.319819
115	    1.150000	    0.316637
116	    1.160000	    0.313486
117	    1.170000	    0.310367
118	    1.180000	    0.307279
119	    1.190000	    0.304221
120	    1.200000	    0.301194
121	    1.210000	    0.298197
122	    1.220000	    0.295230
123	    1.230000	    0.292293
124	    1.240000	    0.289384
125	    1.250000	    0.286505
126	    1.260000	    0.283654
127	    1.270000	    0.280832
128	    1.280000	    0.278037
129	    1.290000	    0.275271
130	    1.300000	    0.272532
131	    1.310000	    0.269820
132	    1.320000	    0.267135
133	    1.330000	    0.264477
134	    1.340000	    0.261846
135	    1.350000	    0.259240
136	    1.360000	    0.256661
137	    1.370000	    0.254107
138	    1.380000	    0.251579
139	    1.390000	    0.249075
140	    1.400000	    0.246597
141	    1.410000	    0.244143
142	    1.420000	    0.241714
143	    1.430000	    0.239309
144	    1.440000	    0.236928
145	    1.450000	    0.234570
146	    1.460000	    0.232236
147	    1.470000	    0.229925
148	    1.480000	    0.227638
149	    1.490000	    0.225373
150	    1.500000	    0.223130
151	    1.510000	    0.220910
152	    1.520000	    0.218712
153	    1.530000	    0.216536
154	    1.540000	    0.214381
155	    1.550000	    0.212248
156	    1.560000	    0.210136
157	    1.570000	    0.208045
158	    1.580000	    0.205975
159	    1.590000	    0.203926
160	    1.600000	    0.201896
161	    1.610000	    0.199888
162	    1.620000	    0.197899
163	    1.630000	    0.195929
164	    1.640000	    0.193980
165	    1.650000	    0.192050
166	    1.660000	    0.190139
167	    1.670000	    0.188247
168	    1.680000	    0.186374
169	    1.690000	    0.184519
170	    1.700000	    0.182683
171	    1.710000	    0.180866
172	    1.720000	    0.179066
173	    1.730000	    0.177284
174	    1.740000	    0.175520
175	    1.750000	    0.173774
176	    1.760000	    0.172045
177	    1.770000	    0.170333
178	    1.780000	    0.168638
179	    1.790000	    0.166960
180	    1.800000	    0.165299
181	    1.810000	    0.163654
182	    1.820000	    0.162026
183	    1.830000	    0.160413
184	    1.840000	    0.158817
185	    1.850000	    0.157237
186	    1.860000	    0.155672
187	    1.870000	    0.154123
188	    1.880000	    0.152590
189	    1.890000	    0.151072
190	    1.900000	    0.149568
191	    1.910000	    0.148080
192	    1.920000	    0.146607
193	    1.930000	    0.145148
194	    1.940000	    0.143704
195	    1.950000	    0.142274
196	    1.960000	    0.140858
197	    1.970000	    0.139457
198	    1.980000	    0.138069
199	    1.990000	    0.136695
200	    2.000000	    0.135335
201	    2.010000	    0.133988
202	    2.020000	    0.132655
203	    2.030000	    0.131335
204	    2.040000	    0.130028
205	    2.050000	    0.128735
206	    2.060000	    0.127454
207	    2.070000	    0.126185
208	    2.080000	    0.124930
209	    2.090000	    0.123687
210	    2.100000	    0.122456
211	    2.110000	    0.121238
212	    2.120000	    0.120031
213	    2.130000	    0.118837
214	    2.140000	    0.117654
215	    2.150000	    0.116484
216	    2.160000	    0.115325
217	    2.170000	    0.114177
218	    2.180000	    0.113041
219	    2.190000	    0.111916
220	    2.200000	    0.110803
221	    2.210000	    0.109700
222	    2.220000	    0.108608
223	    2.230000	    0.107528
224	    2.240000	    0.106458
225	    2.250000	    0.105399
226	    2.260000	    0.104350
227	    2.270000	    0.103311
228	    2.280000	    0.102283
229	    2.290000	    0.101266
230	    2.300000	    0.100258
231	    2.310000	    0.099260
232	    2.320000	    0.098273
233	    2.330000	    0.097295
234	    2.340000	    0.096327
235	    2.350000	    0.095368
236	    2.360000	    0.094419
237	    2.370000	    0.093480
238	    2.380000	    0.092550
239	    2.390000	    0.091629
240	    2.400000	    0.090717
241	    2.410000	    0.089814
242	    2.420000	    0.088920
243	    2.430000	    0.088036
244	    2.440000	    0.087160
245	    2.450000	    0.086292
246	    2.460000	    0.085434
247	    2.470000	    0.084584
248	    2.480000	    0.083742
249	    2.490000	    0.082909
250	    2.500000	    0.082084
251	    2.510000	    0.081267
252	    2.520000	    0.080458
253	    2.530000	    0.079657
254	    2.540000	    0.078865
255	    2.550000	    0.078080
256	    2.560000	    0.077303
257	    2.570000	    0.076534
258	    2.580000	    0.075772
259	    2.590000	    0.075018
260	    2.600000	    0.074272
261	    2.610000	    0.073533
262	    2.620000	    0.072801
263	    2.630000	    0.072076
264	    2.640000	    0.071359
265	    2.650000	    0.070649
266	    2.660000	    0.069946
267	    2.670000	    0.069250
268	    2.680000	    0.068561
269	    2.690000	    0.067878
270	    2.700000	    0.067203
271	    2.710000	    0.066534
272	    2.720000	    0.065872
273	    2.730000	    0.065216
274	    2.740000	    0.064567
275	    2.750000	    0.063925
276	    2.760000	    0.063289
277	    2.770000	    0.062659
278	    2.780000	    0.062035
279	    2.790000	    0.061418
280	    2.800000	    0.060807
281	    2.810000	    0.060201
282	    2.820000	    0.059602
283	    2.830000	    0.059009
284	    2.840000	    0.058422
285	    2.850000	    0.057840
286	    2.860000	    0.057265
287	    2.870000	    0.056695
288	    2.880000	    0.056130
289	    2.890000	    0.055572
290	    2.900000	    0.055019
291	    2.910000	    0.054471
292	    2.920000	    0.053929
293	    2.930000	    0.053392
294	    2.940000	    0.052860
295	    2.950000	    0.052334
296	    2.960000	    0.051813
297	    2.970000	    0.051297
298	    2.980000	    0.050787
299	    2.990000	    0.050281
300	    3.000000	    0.049781
301	    3.010000	    0.049285
302	    3.020000	    0.048794
303	    3.030000	    0.048309
304	    3.040000	    0.047828
305	    3.050000	    0.047352
306	    3.060000	    0.046880
307	    3.070000	    0.046413
308	    3.080000	    0.045951
309	    3.090000	    0.045494
310	    3.100000	    0.045041
311	    3.110000	    0.044592
312	    3.120000	    0.044148
313	    3.130000	    0.043708
314	    3.140000	    0.043273
315	    3.150000	    0.042842
316	    3.160000	    0.042415
317	    3.170000	    0.041993
318	    3.180000	    0.041575
319	    3.190000	    0.041161
320	    3.200000	    0.040751
321	    3.210000	    0.040345
322	    3.220000	    0.039943
323	    3.230000	    0.039545
324	    3.240000	    0.039151
325	    3.250000	    0.038761
326	    3.260000	    0.038375
327	    3.270000	    0.037992
328	    3.280000	    0.037614
329	    3.290000	    0.037239
330	    3.300000	    0.036868
331	    3.310000	    0.036500
332	    3.320000	    0.036136
333	    3.330000	    0.035776
334	    3.340000	    0.035419
335	    3.350000	    0.035066
336	    3.360000	    0.034717
337	    3.370000	    0.034370
338	    3.380000	    0.034028
339	    3.390000	    0.033688
340	    3.400000	    0.033352
341	    3.410000	    0.033019
342	    3.420000	    0.032690
343	    3.430000	    0.032364
344	    3.440000	    0.032041
345	    3.450000	    0.031721
346	    3.460000	    0.031404
347	    3.470000	    0.031091
348	    3.480000	    0.030781
349	    3.490000	    0.030473
350	    3.500000	    0.030169
351	    3.510000	    0.029868
352	    3.520000	    0.029569
353	    3.530000	    0.029274
354	    3.540000	    0.028981
355	    3.550000	    0.028691
356	    3.560000	    0.028405
357	    3.570000	    0.028121
358	    3.580000	    0.027839
359	    3.590000	    0.027561
360	    3.600000	    0.027285
361	    3.610000	    0.027012
362	    3.620000	    0.026742
363	    3.630000	    0.026474
364	    3.640000	    0.026209
365	    3.650000	    0.025946
366	    3.660000	    0.025686
367	    3.670000	    0.025429
368	    3.680000	    0.025174
369	    3.690000	    0.024922
370	    3.700000	    0.024672
371	    3.710000	    0.024424
372	    3.720000	    0.024179
373	    3.730000	    0.023936
374	    3.740000	    0.023695
375	    3.750000	    0.023457
376	    3.760000	    0.023221
377	    3.770000	    0.022988
378	    3.780000	    0.022757
379	    3.790000	    0.022527
380	    3.800000	    0.022301
381	    3.810000	    0.022076
382	    3.820000	    0.021853
383	    3.830000	    0.021633
384	    3.840000	    0.021414
385	    3.850000	    0.021198
386	    3.860000	    0.020984
387	    3.870000	    0.020772
388	    3.880000	    0.020562
389	    3.890000	    0.020353
390	    3.900000	    0.020147
391	    3.910000	    0.019943
392	    3.920000	    0.019740
393	    3.930000	    0.019540
394	    3.940000	    0.019341
395	    3.950000	    0.019145
396	    3.960000	    0.018950
397	    3.970000	    0.018757
398	    3.980000	    0.018565
399	    3.990000	    0.018376
400	    4.000000	    0.018188
401	    4.010000	    0.018002
402	    4.020000	    0.017817
403	    4.030000	    0.017634
404	    4.040000	    0.017453
405	    4.050000	    0.017274
406	    4.060000	    0.017096
407	    4.070000	    0.016920
408	    4.080000	    0.016745
409	    4.090000	    0.016572
410	    4.100000	    0.016400
411	    4.110000	    0.016230
412	    4.120000	    0.016061
413	    4.130000	    0.015894
414	    4.140000	    0.015728
415	    4.150000	    0.015564
416	    4.160000	    0.015401
417	    4.170000	    0.015239
418	    4.180000	    0.015079
419	    4.190000	    0.014920
420	    4.200000	    0.014763
421	    4.210000	    0.014606
422	    4.220000	    0.014451
423	    4.230000	    0.014297
424	    4.240000	    0.014145
425	    4.250000	    0.013993
426	    4.260000	    0.013843
427	    4.270000	    0.013694
428	    4.280000	    0.013546
429	    4.290000	    0.013400
430	    4.300000	    0.013254
431	    4.310000	    0.013109
432	    4.320000	    0.012966
433	    4.330000	    0.012823
434	    4.340000	    0.012682
435	    4.350000	    0.012541
436	    4.360000	    0.012402
437	    4.370000	    0.012263
438	    4.380000	    0.012125
439	    4.390000	    0.011989
440	    4.400000	    0.011853
441	    4.410000	    0.011718
442	    4.420000	    0.011583
443	    4.430000	    0.011450
444	    4.440000	    0.011317
445	    4.450000	    0.011185
446	    4.460000	    0.011054
447	    4.470000	    0.010923
448	    4.480000	    0.010794
449	    4.490000	    0.010664
450	    4.500000	    0.010536
451	    4.510000	    0.010408
452	    4.520000	    0.010280
453	    4.530000	    0.010154
454	    4.540000	    0.010027
455	    4.550000	    0.009901
456	    4.560000	    0.009776
457	    4.570000	    0.009651
458	    4.580000	    0.009526
459	    4.590000	    0.009402
460	    4.600000	    0.009278
461	    4.610000	    0.009155
462	    4.620000	    0.009031
463	    4.630000	    0.008908
464	    4.640000	    0.008785
465	    4.650000	    0.008663
466	    4.660000	    0.008540
467	    4.670000	    0.008418
468	    4.680000	    0.008295
469	    4.690000	    0.008173
470	    4.700000	    0.008051
471	    4.710000	    0.007929
472	    4.720000	    0.007806
473	    4.730000	    0.007684
474	    4.740000	    0.007561
475	    4.750000	    0.007438
476	    4.760000	    0.007315
477	    4.770000	    0.007192
478	    4.780000	    0.007068
479	    4.790000	    0.006944
480	    4.800000	    0.006820
481	    4.810000	    0.006695
482	    4.820000	    0.006570
483	    4.830000	    0.006444
484	    4.840000	    0.006318
485	    4.850000	    0.006191
486	    4.860000	    0.006063
487	    4.870000	    0.005934
488	    4.880000	    0.005805
489	    4.890000	    0.005675
490	    4.900000	    0.005544
491	    4.910000	    0.005412
492	    4.920000	    0.005279
493	    4.930000	    0.005144
494	    4.940000	    0.005009
495	    4.950000	    0.004873
496	    4.960000	    0.004735
497	    4.970000	    0.004596
498	    4.980000	    0.004455
499	    4.990000	    0.004313
500	    5.000000	    0.004169
501	    5.010000	    0.004024
502	    5.020000	    0.003877
503	    5.030000	    0.003728
504	    5.040000	    0.003578
505	    5.050000	    0.003425
506	    5.060000	    0.003270
507	    5.070000	    0.003113
508	    5.080000	    0.002954
509	    5.090000	    0.002793
510	    5.100000	    0.002629
511	    5.110000	    0.002463
512	    5.120000	    0.002294
513	    5.130000	    0.002123
514	    5.140000	    0.001948
515	    5.150000	    0.001771
516	    5.160000	    0.001591
517	    5.170000	    0.001407
518	    5.180000	    0.001220
519	    5.190000	    0.001030
520	    5.200000	    0.000836
521	    5.210000	    0.000639
522	    5.220000	    0.000437
523	    5.230000	    0.000232
524	    5.240000	    0.000023
525	    5.250000	   -0.000190
526	    5.260000	   -0.000408
527	    5.270000	   -0.000631
528	    5.280000	   -0.000858
529	    5.290000	   -0.001089
530	    5.300000	   -0.001326
531	    5.310000	   -0.001568
532	    5.320000	   -0.001816
533	    5.330000	   -0.002069
534	    5.340000	   -0.002328
535	    5.350000	   -0.002592
536	    5.360000	   -0.002863
537	    5.370000	   -0.003140
538	    5.380000	   -0.003424
539	    5.390000	   -0.003714
540	    5.400000	   -0.004012
541	    5.410000	   -0.004316
542	    5.420000	   -0.004629
543	    5.430000	   -0.004948
544	    5.440000	   -0.005276
545	    5.450000	   -0.005612
546	    5.460000	   -0.005957
547	    5.470000	   -0.006310
548	    5.480000	   -0.006672
549	    5.490000	   -0.007044
550	    5.500000	   -0.007425
551	    5.510000	   -0.007817
552	    5.520000	   -0.008218
553	    5.530000	   -0.008630
554	    5.540000	   -0.009053
555	    5.550000	   -0.009488
556	    5.560000	   -0.009934
557	    5.570000	   -0.010392
558	    5.580000	   -0.010862
559	    5.590000	   -0.011345
560	    5.600000	   -0.011842
561	    5.610000	   -0.012352
562	    5.620000	   -0.012876
563	    5.630000	   -0.013415
564	    5.640000	   -0.013968
565	    5.650000	   -0.014537
566	    5.660000	   -0.015122
567	    5.670000	   -0.015723
568	    5.680000	   -0.016341
569	    5.690000	   -0.016977
570	    5.700000	   -0.017630
571	    5.710000	   -0.018302
572	    5.720000	   -0.018994
573	    5.730000	   -0.019705
574	    5.740000	   -0.020436
575	    5.750000	   -0.021188
576	    5.760000	   -0.021962
577	    5.770000	   -0.022758
578	    5.780000	   -0.023577
579	    5.790000	   -0.024420
580	    5.800000	   -0.025288
581	    5.810000	   -0.026180
582	    5.820000	   -0.027098
583	    5.830000	   -0.028044
584	    5.840000	   -0.029016
585	    5.850000	   -0.030018
586	    5.860000	   -0.031048
587	    5.870000	   -0.032109
588	    5.880000	   -0.033201
589	    5.890000	   -0.034325
590	    5.900000	   -0.035482
591	    5.910000	   -0.036673
592	    5.920000	   -0.037900
593	    5.930000	   -0.039162
594	    5.940000	   -0.040462
595	    5.950000	   -0.041801
596	    5.960000	   -0.043179
597	    5.970000	   -0.044599
598	    5.980000	   -0.046060
599	    5.990000	   -0.047565
600	    6.000000	   -0.049115
601	    6.010000	   -0.050711
602	    6.020000	   -0.052354
603	    6.030000	   -0.054047
604	    6.040000	   -0.055790
605	    6.050000	   -0.057585
606	    6.060000	   -0.059434
607	    6.070000	   -0.061339
608	    6.080000	   -0.063300
609	    6.090000	   -0.065320
610	    6.100000	   -0.067401
611	    6.110000	   -0.069544
612	    6.120000	   -0.071752
613	    6.130000	   -0.074026
614	    6.140000	   -0.076368
615	    6.150000	   -0.078781
616	    6.160000	   -0.081267
617	    6.170000	   -0.083827
618	    6.180000	   -0.086464
619	    6.190000	   -0.089181
620	    6.200000	   -0.091980
621	    6.210000	   -0.094863
622	    6.220000	   -0.097833
623	    6.230000	   -0.100893
624	    6.240000	   -0.104045
625	    6.250000	   -0.107293
626	    6.260000	   -0.110638
627	    6.270000	   -0.114085
628	    6.280000	   -0.117636
629	    6.290000	   -0.121294
630	    6.300000	   -0.125063
631	    6.310000	   -0.128946
632	    6.320000	   -0.132946
633	    6.330000	   -0.137068
634	    6.340000	   -0.141314
635	    6.350000	   -0.145689
636	    6.360000	   -0.150197
637	    6.370000	   -0.154841
638	    6.380000	   -0.159626
639	    6.390000	   -0.164555
640	    6.400000	   -0.169635
641	    6.410000	   -0.174868
642	    6.420000	   -0.180260
643	    6.430000	   -0.185816
644	    6.440000	   -0.191540
645	    6.450000	   -0.197437
646	    6.460000	   -0.203514
647	    6.470000	   -0.209775
648	    6.480000	   -0.216226
649	    6.490000	   -0.222873
650	    6.500000	   -0.229722
651	    6.510000	   -0.236779
652	    6.520000	   -0.244050
653	    6.530000	   -0.251542
654	    6.540000	   -0.259262
655	    6.550000	   -0.267216
656	    6.560000	   -0.275412
657	    6.570000	   -0.283856
658	    6.580000	   -0.292558
659	    6.590000	   -0.301524
660	    6.600000	   -0.310762
661	    6.610000	   -0.320281
662	    6.620000	   -0.330089
663	    6.630000	   -0.340196
664	    6.640000	   -0.350610
665	    6.650000	   -0.361340
666	    6.660000	   -0.372397
667	    6.670000	   -0.383790
668	    6.680000	   -0.395529
669	    6.690000	   -0.407626
670	    6.700000	   -0.420090
671	    6.710000	   -0.432933
672	    6.720000	   -0.446167
673	    6.730000	   -0.459804
674	    6.740000	   -0.473855
675	    6.750000	   -0.488334
676	    6.760000	   -0.503253
677	    6.770000	   -0.518627
678	    6.780000	   -0.534467
679	    6.790000	   -0.550790
680	    6.800000	   -0.567610
681	    6.810000	   -0.584941
682	    6.820000	   -0.602800
683	    6.830000	   -0.621202
684	    6.840000	   -0.640164
685	    6.850000	   -0.659703
686	    6.860000	   -0.679837
687	    6.870000	   -0.700583
688	    6.880000	   -0.721961
689	    6.890000	   -0.743990
690	    6.900000	   -0.766689
691	    6.910000	   -0.790079
692	    6.920000	   -0.814180
693	    6.930000	   -0.839016
694	    6.940000	   -0.864607
695	    6.950000	   -0.890978
696	    6.960000	   -0.918151
697	    6.970000	   -0.946151
698	    6.980000	   -0.975003
699	    6.990000	   -1.004734
700	    7.000000	   -1.035370
701	    7.010000	   -1.066939
702	    7.020000	   -1.099468
703	    7.030000	   -1.132988
704	    7.040000	   -1.167529
705	    7.050000	   -1.203121
706	    7.060000	   -1.239796
707	    7.070000	   -1.277588
708	    7.080000	   -1.316531
709	    7.090000	   -1.356659
710	    7.100000	   -1.398009
711	    7.110000	   -1.440618
712	    7.120000	   -1.484525
713	    7.130000	   -1.529768
714	    7.140000	   -1.576389
715	    7.150000	   -1.624429
716	    7.160000	   -1.673932
717	    7.170000	   -1.724942
718	    7.180000	   -1.777505
719	    7.190000	   -1.831669
720	    7.200000	   -1.887482
721	    7.210000	   -1.944995
722	    7.220000	   -2.004259
723	    7.230000	   -2.065327
724	    7.240000	   -2.128255
725	    7.250000	   -2.193099
726	    7.260000	   -2.259917
727	    7.270000	   -2.328770
728	    7.280000	   -2.399720
729	    7.290000	   -2.472830
730	    7.300000	   -2.548167
731	    7.310000	   -2.625797
732	    7.320000	   -2.705792
733	    7.330000	   -2.788222
734	    7.340000	   -2.873163
735	    7.350000	   -2.960690
736	    7.360000	   -3.050882
737	    7.370000	   -3.143821
738	    7.380000	   -3.239590
739	    7.390000	   -3.338276
740	    7.400000	   -3.439966
741	    7.410000	   -3.544753
742	    7.420000	   -3.652732
743	    7.430000	   -3.763998
744	    7.440000	   -3.878653
745	    7.450000	   -3.996799
746	    7.460000	   -4.118543
747	    7.470000	   -4.243995
748	    7.480000	   -4.373267
749	    7.490000	   -4.506475
750	    7.500000	   -4.643741
751	    7.510000	   -4.785186
752	    7.520000	   -4.930939
753	    7.530000	   -5.081130
754	    7.540000	   -5.235895
755	    7.550000	   -5.395373
756	    7.560000	   -5.559708
757	    7.570000	   -5.729048
758	    7.580000	   -5.903544
759	    7.590000	   -6.083354
760	    7.600000	   -6.268640
761	    7.610000	   -6.459569
762	    7.620000	   -6.656312
763	    7.630000	   -6.859047
764	    7.640000	   -7.067956
765	    7.650000	   -7.283226
766	    7.660000	   -7.505053
767	    7.670000	   -7.733635
768	    7.680000	   -7.969178
769	    7.690000	   -8.211894
770	    7.700000	   -8.462002
771	    7.710000	   -8.719727
772	    7.720000	   -8.985300
773	    7.730000	   -9.258961
774	    7.740000	   -9.540956
775	    7.750000	   -9.831539
776	    7.760000	  -10.130971
777	    7.770000	  -10.439523
778	    7.780000	  -10.757471
779	    7.790000	  -11.085101
780	    7.800000	  -11.422709
781	    7.810000	  -11.770599
782	    7.820000	  -12.129084
783	    7.830000	  -12.498486
784	    7.840000	  -12.879137
785	    7.850000	  -13.271381
786	    7.860000	  -13.675571
787	    7.870000	  -14.092069
788	    7.880000	  -14.521252
789	    7.890000	  -14.963506
790	    7.900000	  -15.419227
791	    7.910000	  -15.888828
792	    7.920000	  -16.372729
793	    7.930000	  -16.871368
794	    7.940000	  -17.385192
795	    7.950000	  -17.914664
796	    7.960000	  -18.460261
797	    7.970000	  -19.022474
798	    7.980000	  -19.601809
799	    7.990000	  -20.198786
800	    8.000000	  -20.813945
801	    8.010000	  -21.447837
802	    8.020000	  -22.101035
803	    8.030000	  -22.774125
804	    8.040000	  -23.467713
805	    8.050000	  -24.182424
806	    8.060000	  -24.918902
807	    8.070000	  -25.677808
808	    8.080000	  -26.459826
809	    8.090000	  -27.265660
810	    8.100000	  -28.096036
811	    8.110000	  -28.951700
812	    8.120000	  -29.833422
813	    8.130000	  -30.741997
814	    8.140000	  -31.678242
815	    8.150000	  -32.643000
816	    8.160000	  -33.637139
817	    8.170000	  -34.661554
818	    8.180000	  -35.717167
819	    8.190000	  -36.804928
820	    8.200000	  -37.925816
821	    8.210000	  -39.080841
822	    8.220000	  -40.271040
823	    8.230000	  -41.497487
824	    8.240000	  -42.761284
825	    8.250000	  -44.063570
826	    8.260000	  -45.405516
827	    8.270000	  -46.788330
828	    8.280000	  -48.213257
829	    8.290000	  -49.681580
830	    8.300000	  -51.194619
831	    8.310000	  -52.753738
832	    8.320000	  -54.360338
833	    8.330000	  -56.015867
834	    8.340000	  -57.721814
835	    8.350000	  -59.479714
836	    8.360000	  -61.291151
837	    8.370000	  -63.157753
838	    8.380000	  -65.081203
839	    8.390000	  -67.063230
840	    8.400000	  -69.105618
841	    8.410000	  -71.210207
842	    8.420000	  -73.378889
843	    8.430000	  -75.613618
844	    8.440000	  -77.916404
845	    8.450000	  -80.289321
846	    8.460000	  -82.734503
847	    8.470000	  -85.254153
848	    8.480000	  -87.850537
849	    8.490000	  -90.525992
850	    8.500000	  -93.282927
851	    8.510000	  -96.123824
852	    8.520000	  -99.051238
853	    8.530000	 -102.067805
854	    8.540000	 -105.176241
855	    8.550000	 -108.379342
856	    8.560000	 -111.679992
857	    8.570000	 -115.081162
858	    8.580000	 -118.585913
859	    8.590000	 -122.197399
860	    8.600000	 -125.918871
861	    8.610000	 -129.753679
862	    8.620000	 -133.705275
863	    8.630000	 -137.777214
864	    8.640000	 -141.973162
865	    8.650000	 -146.296895
866	    8.660000	 -150.752306
867	    8.670000	 -155.343404
868	    8.680000	 -160.074322
869	    8.690000	 -164.949318
870	    8.700000	 -169.972779
871	    8.710000	 -175.149228
872	    8.720000	 -180.483322
873	    8.730000	 -185.979865
874	    8.740000	 -191.643801
875	    8.750000	 -197.480230
876	    8.760000	 -203.494405
877	    8.770000	 -209.691738
878	    8.780000	 -216.077809
879	    8.790000	 -222.658364
880	    8.800000	 -229.439327
881	    8.810000	 -236.426801
882	    8.820000	 -243.627075
883	    8.830000	 -251.046630
884	    8.840000	 -258.692144
885	    8.850000	 -266.570498
886	    8.860000	 -274.688784
887	    8.870000	 -283.054309
888	    8.880000	 -291.674601
889	    8.890000	 -300.557421
890	    8.900000	 -309.710763
891	    8.910000	 -319.142865
892	    8.920000	 -328.862218
893	    8.930000	 -338.877569
894	    8.940000	 -349.197932
895	    8.950000	 -359.832598
896	    8.960000	 -370.791137
897	    8.970000	 -382.083413
898	    8.980000	 -393.719591
899	    8.990000	 -405.710142
900	    9.000000	 -418.065861
901	    9.010000	 -430.797866
902	    9.020000	 -443.917620
903	    9.030000	 -457.436929
904	    9.040000	 -471.367962
905	    9.050000	 -485.723258
906	    9.060000	 -500.515738
907	    9.070000	 -515.758716
908	    9.080000	 -531.465912
909	    9.090000	 -547.651463
910	    9.100000	 -564.329938
911	    9.110000	 -581.516348
912	    9.120000	 -599.226161
913	    9.130000	 -617.475319
914	    9.140000	 -636.280246
915	    9.150000	 -655.657869
916	    9.160000	 -675.625628
917	    9.170000	 -696.201496
918	    9.180000	 -717.403992
919	    9.190000	 -739.252200
920	    9.200000	 -761.765785
921	    9.210000	 -784.965011
922	    9.220000	 -808.870759
923	    9.230000	 -833.504544
924	    9.240000	 -858.888541
925	    9.250000	 -885.045595
926	    9.260000	 -911.999249
927	    9.270000	 -939.773765
928	    9.280000	 -968.394141
929	    9.290000	 -997.886137
930	    9.300000	-1028.276297
931	    9.310000	-1059.591976
932	    9.320000	-1091.861360
933	    9.330000	-1125.113492
934	    9.340000	-1159.378302
935	    9.350000	-1194.686631
936	    9.360000	-1231.070259
937	    9.370000	-1268.561933
938	    9.380000	-1307.195399
939	    9.390000	-1347.005429
940	    9.400000	-1388.027855
941	    9.410000	-1430.299599
942	    9.420000	-1473.858710
943	    9.430000	-1518.744393
944	    9.440000	-1564.997049
945	    9.450000	-1612.658307
946	    9.460000	-1661.771067
947	    9.470000	-1712.379533
948	    9.480000	-1764.529257
949	    9.490000	-1818.267176
950	    9.500000	-1873.641658
951	    9.510000	-1930.702544
952	    9.520000	-1989.501193
953	    9.530000	-2050.090527
954	    9.540000	-2112.525081
955	    9.550000	-2176.861050
956	    9.560000	-2243.156341
957	    9.570000	-2311.470625
958	    9.580000	-2381.865388
959	    9.590000	-2454.403990
960	    9.600000	-2529.151722
961	    9.610000	-2606.175862
962	    9.620000	-2685.545735
963	    9.630000	-2767.332781
964	    9.640000	-2851.610613
965	    9.650000	-2938.455087
966	    9.660000	-3027.944370
967	    9.670000	-3120.159006
968	    9.680000	-3215.181997
969	    9.690000	-3313.098868
970	    9.700000	-3413.997752
971	    9.710000	-3517.969464
972	    9.720000	-3625.107586
973	    9.730000	-3735.508550
974	    9.740000	-3849.271723
975	    9.750000	-3966.499501
976	    9.760000	-4087.297397
977	    9.770000	-4211.774135
978	    9.780000	-4340.041755
979	    9.790000	-4472.215706
980	    9.800000	-4608.414952
981	    9.810000	-4748.762083
982	    9.820000	-4893.383420
983	    9.830000	-5042.409133
984	    9.840000	-5195.973354
985	    9.850000	-5354.214302
986	    9.860000	-5517.274405
987	    9.870000	-5685.300426
988	    9.880000	-5858.443602
989	    9.890000	-6036.859773
990	    9.900000	-6220.709525
991	    9.910000	-6410.158335
992	    9.920000	-6605.376720
993	    9.930000	-6806.540390
994	    9.940000	-7013.830406
995	    9.950000	-7227.433343
996	    9.960000	-7447.541458
997	    9.970000	-7674.352862
998	    9.980000	-7908.071702
999	    9.990000	-8148.908341
1000	   10.000000	-8397.079547
