Idx	        x_i		       y_i
-----------------------------------------------
  0	    0.000000	    1.000000
  1	    0.010000	    1.010000
  2	    0.020000	    1.020150
  3	    0.030000	    1.030453
  4	    0.040000	    1.040908
  5	    0.050000	    1.051519
  6	    0.060000	    1.062286
  7	    0.070000	    1.073211
  8	    0.080000	    1.084296
  9	    0.090000	    1.095542
 10	    0.100000	    1.106951
 11	    0.110000	    1.118524
 12	    0.120000	    1.130263
 13	    0.130000	    1.142170
 14	    0.140000	    1.154247
 15	    0.150000	    1.166495
 16	    0.160000	    1.178915
 17	    0.170000	    1.191510
 18	    0.180000	    1.204282
 19	    0.190000	    1.217231
 20	    0.200000	    1.230360
 21	    0.210000	    1.243671
 22	    0.220000	    1.257164
 23	    0.230000	    1.270843
 24	    0.240000	    1.284709
 25	    0.250000	    1.298764
 26	    0.260000	    1.313010
 27	    0.270000	    1.327448
 28	    0.280000	    1.342080
 29	    0.290000	    1.356908
 30	    0.300000	    1.371935
 31	    0.310000	    1.387162
 32	    0.320000	    1.402591
 33	    0.330000	    1.418224
 34	    0.340000	    1.434063
 35	    0.350000	    1.450110
 36	    0.360000	    1.466366
 37	    0.370000	    1.482835
 38	    0.380000	    1.499518
 39	    0.390000	    1.516417
 40	    0.400000	    1.533533
 41	    0.410000	    1.550870
 42	    0.420000	    1.568430
 43	    0.430000	    1.586213
 44	    0.440000	    1.604223
 45	    0.450000	    1.622462
 46	    0.460000	    1.640932
 47	    0.470000	    1.659634
 48	    0.480000	    1.678572
 49	    0.490000	    1.697747
 50	    0.500000	    1.717161
 51	    0.510000	    1.736817
 52	    0.520000	    1.756717
 53	    0.530000	    1.776863
 54	    0.540000	    1.797258
 55	    0.550000	    1.817904
 56	    0.560000	    1.838802
 57	    0.570000	    1.859956
 58	    0.580000	    1.881368
 59	    0.590000	    1.903040
 60	    0.600000	    1.924974
 61	    0.610000	    1.947173
 62	    0.620000	    1.969639
 63	    0.630000	    1.992374
 64	    0.640000	    2.015382
 65	    0.650000	    2.038664
 66	    0.660000	    2.062223
 67	    0.670000	    2.086062
 68	    0.680000	    2.110182
 69	    0.690000	    2.134586
 70	    0.700000	    2.159278
 71	    0.710000	    2.184258
 72	    0.720000	    2.209531
 73	    0.730000	    2.235098
 74	    0.740000	    2.260961
 75	    0.750000	    2.287125
 76	    0.760000	    2.313591
 77	    0.770000	    2.340361
 78	    0.780000	    2.367439
 79	    0.790000	    2.394827
 80	    0.800000	    2.422528
 81	    0.810000	    2.450544
 82	    0.820000	    2.478878
 83	    0.830000	    2.507533
 84	    0.840000	    2.536511
 85	    0.850000	    2.565816
 86	    0.860000	    2.595449
 87	    0.870000	    2.625415
 88	    0.880000	    2.655714
 89	    0.890000	    2.686352
 90	    0.900000	    2.717329
 91	    0.910000	    2.748649
 92	    0.920000	    2.780315
 93	    0.930000	    2.812330
 94	    0.940000	    2.844696
 95	    0.950000	    2.877416
 96	    0.960000	    2.910494
 97	    0.970000	    2.943932
 98	    0.980000	    2.977733
 99	    0.990000	    3.011900
100	    1.000000	    3.046436
101	    1.010000	    3.081344
102	    1.020000	    3.116627
103	    1.030000	    3.152288
104	    1.040000	    3.188330
105	    1.050000	    3.224756
106	    1.060000	    3.261570
107	    1.070000	    3.298773
108	    1.080000	    3.336369
109	    1.090000	    3.374362
110	    1.100000	    3.412754
111	    1.110000	    3.451549
112	    1.120000	    3.490749
113	    1.130000	    3.530358
114	    1.140000	    3.570379
115	    1.150000	    3.610815
116	    1.160000	    3.651670
117	    1.170000	    3.692946
118	    1.180000	    3.734647
119	    1.190000	    3.776776
120	    1.200000	    3.819337
121	    1.210000	    3.862331
122	    1.220000	    3.905764
123	    1.230000	    3.949638
124	    1.240000	    3.993956
125	    1.250000	    4.038723
126	    1.260000	    4.083940
127	    1.270000	    4.129612
128	    1.280000	    4.175741
129	    1.290000	    4.222332
130	    1.300000	    4.269388
131	    1.310000	    4.316912
132	    1.320000	    4.364907
133	    1.330000	    4.413377
134	    1.340000	    4.462326
135	    1.350000	    4.511757
136	    1.360000	    4.561673
137	    1.370000	    4.612078
138	    1.380000	    4.662975
139	    1.390000	    4.714369
140	    1.400000	    4.766262
141	    1.410000	    4.818658
142	    1.420000	    4.871561
143	    1.430000	    4.924974
144	    1.440000	    4.978902
145	    1.450000	    5.033347
146	    1.460000	    5.088313
147	    1.470000	    5.143803
148	    1.480000	    5.199823
149	    1.490000	    5.256375
150	    1.500000	    5.313462
151	    1.510000	    5.371090
152	    1.520000	    5.429261
153	    1.530000	    5.487979
154	    1.540000	    5.547247
155	    1.550000	    5.607071
156	    1.560000	    5.667453
157	    1.570000	    5.728397
158	    1.580000	    5.789908
159	    1.590000	    5.851989
160	    1.600000	    5.914643
161	    1.610000	    5.977875
162	    1.620000	    6.041689
163	    1.630000	    6.106088
164	    1.640000	    6.171077
165	    1.650000	    6.236659
166	    1.660000	    6.302838
167	    1.670000	    6.369618
168	    1.680000	    6.437004
169	    1.690000	    6.504999
170	    1.700000	    6.573607
171	    1.710000	    6.642833
172	    1.720000	    6.712679
173	    1.730000	    6.783151
174	    1.740000	    6.854253
175	    1.750000	    6.925988
176	    1.760000	    6.998360
177	    1.770000	    7.071374
178	    1.780000	    7.145034
179	    1.790000	    7.219344
180	    1.800000	    7.294308
181	    1.810000	    7.369931
182	    1.820000	    7.446216
183	    1.830000	    7.523167
184	    1.840000	    7.600789
185	    1.850000	    7.679087
186	    1.860000	    7.758064
187	    1.870000	    7.837724
188	    1.880000	    7.918072
189	    1.890000	    7.999113
190	    1.900000	    8.080850
191	    1.910000	    8.163288
192	    1.920000	    8.246431
193	    1.930000	    8.330283
194	    1.940000	    8.414850
195	    1.950000	    8.500134
196	    1.960000	    8.586141
197	    1.970000	    8.672876
198	    1.980000	    8.760341
199	    1.990000	    8.848543
200	    2.000000	    8.937485
